50 <- 50 -> 75
25 <- 50 -> .
25 <- 25 -> 37
12 <- 25 -> .
12 <- 12 -> .
. <- 12 -> .
37 <- 37 -> 40
30 <- 37 -> .
30 <- 30 -> .
. <- 30 -> .
40 <- 40 -> .
. <- 40 -> .
75 <- 75 -> 87
62 <- 75 -> .
62 <- 62 -> 70
60 <- 62 -> .
60 <- 60 -> .
. <- 60 -> .
70 <- 70 -> .
. <- 70 -> .
87 <- 87 -> .
. <- 87 -> .
